<!DOCTYPE html>
<html lang="es">
<head>
	<meta charset="UTF-8">
	<title>Tabla de Datos</title>
<link rel="stylesheet" type="text/css" href="style.css"><link href='https://fonts.googleapis.com/css?family=Open+Sans:400,700' rel='stylesheet' type='text/css'></head>
<body>
<h2>Diferencia Coseno</h2>
<table>
<tr><th> </th><th>1</th><th>2</th><th>3</th><th>4</th><th>5</th><th>6</th><th>7</th><th>8</th><th>9</th><th>10</th><th>11</th><th>12</th><th>13</th><th>14</th><tr><th>1</th><td>0.0</td><td>0.813</td><td>0.822</td><td>0.668</td><td>0.764</td><td>0.796</td><td>0.825</td><td>0.906</td><td>0.864</td><td>0.839</td><td>0.831</td><td>0.892</td><td>0.839</td><td>0.851</td></tr><tr><th>2</th><td>0.813</td><td>0.0</td><td>0.8</td><td>0.739</td><td>0.747</td><td>0.754</td><td>0.81</td><td>0.898</td><td>0.847</td><td>0.811</td><td>0.798</td><td>0.856</td><td>0.81</td><td>0.812</td></tr><tr><th>3</th><td>0.822</td><td>0.8</td><td>0.0</td><td>0.759</td><td>0.773</td><td>0.785</td><td>0.84</td><td>0.907</td><td>0.891</td><td>0.844</td><td>0.839</td><td>0.913</td><td>0.887</td><td>0.879</td></tr><tr><th>4</th><td>0.668</td><td>0.739</td><td>0.759</td><td>0.0</td><td>0.688</td><td>0.695</td><td>0.753</td><td>0.865</td><td>0.82</td><td>0.781</td><td>0.743</td><td>0.824</td><td>0.784</td><td>0.784</td></tr><tr><th>5</th><td>0.764</td><td>0.747</td><td>0.773</td><td>0.688</td><td>0.0</td><td>0.672</td><td>0.687</td><td>0.825</td><td>0.767</td><td>0.746</td><td>0.741</td><td>0.811</td><td>0.641</td><td>0.622</td></tr><tr><th>6</th><td>0.796</td><td>0.754</td><td>0.785</td><td>0.695</td><td>0.672</td><td>0.0</td><td>0.73</td><td>0.876</td><td>0.746</td><td>0.757</td><td>0.727</td><td>0.764</td><td>0.73</td><td>0.727</td></tr><tr><th>7</th><td>0.825</td><td>0.81</td><td>0.84</td><td>0.753</td><td>0.687</td><td>0.73</td><td>0.0</td><td>0.89</td><td>0.803</td><td>0.803</td><td>0.788</td><td>0.832</td><td>0.792</td><td>0.791</td></tr><tr><th>8</th><td>0.906</td><td>0.898</td><td>0.907</td><td>0.865</td><td>0.825</td><td>0.876</td><td>0.89</td><td>0.0</td><td>0.914</td><td>0.901</td><td>0.902</td><td>0.919</td><td>0.912</td><td>0.908</td></tr><tr><th>9</th><td>0.864</td><td>0.847</td><td>0.891</td><td>0.82</td><td>0.767</td><td>0.746</td><td>0.803</td><td>0.914</td><td>0.0</td><td>0.826</td><td>0.792</td><td>0.815</td><td>0.792</td><td>0.79</td></tr><tr><th>10</th><td>0.839</td><td>0.811</td><td>0.844</td><td>0.781</td><td>0.746</td><td>0.757</td><td>0.803</td><td>0.901</td><td>0.826</td><td>0.0</td><td>0.809</td><td>0.793</td><td>0.821</td><td>0.815</td></tr><tr><th>11</th><td>0.831</td><td>0.798</td><td>0.839</td><td>0.743</td><td>0.741</td><td>0.727</td><td>0.788</td><td>0.902</td><td>0.792</td><td>0.809</td><td>0.0</td><td>0.82</td><td>0.793</td><td>0.791</td></tr><tr><th>12</th><td>0.892</td><td>0.856</td><td>0.913</td><td>0.824</td><td>0.811</td><td>0.764</td><td>0.832</td><td>0.919</td><td>0.815</td><td>0.793</td><td>0.82</td><td>0.0</td><td>0.806</td><td>0.534</td></tr><tr><th>13</th><td>0.839</td><td>0.81</td><td>0.887</td><td>0.784</td><td>0.641</td><td>0.73</td><td>0.792</td><td>0.912</td><td>0.792</td><td>0.821</td><td>0.793</td><td>0.806</td><td>0.0</td><td>0.11</td></tr><tr><th>14</th><td>0.851</td><td>0.812</td><td>0.879</td><td>0.784</td><td>0.622</td><td>0.727</td><td>0.791</td><td>0.908</td><td>0.79</td><td>0.815</td><td>0.791</td><td>0.534</td><td>0.11</td><td>0.0</td></tr>	
</table>
<h2>Diferencia Euclidiana</h2>
<table>
<tr><th> </th><th>1</th><th>2</th><th>3</th><th>4</th><th>5</th><th>6</th><th>7</th><th>8</th><th>9</th><th>10</th><th>11</th><th>12</th><th>13</th><th>14</th><tr><th>1</th><td>0.0</td><td>0.274</td><td>0.287</td><td>0.24</td><td>0.265</td><td>0.257</td><td>0.279</td><td>0.29</td><td>0.291</td><td>0.272</td><td>0.279</td><td>0.296</td><td>0.269</td><td>0.261</td></tr><tr><th>2</th><td>0.274</td><td>0.0</td><td>0.278</td><td>0.246</td><td>0.257</td><td>0.244</td><td>0.271</td><td>0.282</td><td>0.282</td><td>0.261</td><td>0.267</td><td>0.284</td><td>0.257</td><td>0.249</td></tr><tr><th>3</th><td>0.287</td><td>0.278</td><td>0.0</td><td>0.261</td><td>0.273</td><td>0.261</td><td>0.287</td><td>0.296</td><td>0.301</td><td>0.279</td><td>0.286</td><td>0.306</td><td>0.282</td><td>0.272</td></tr><tr><th>4</th><td>0.24</td><td>0.246</td><td>0.261</td><td>0.0</td><td>0.237</td><td>0.223</td><td>0.251</td><td>0.266</td><td>0.268</td><td>0.245</td><td>0.248</td><td>0.269</td><td>0.242</td><td>0.233</td></tr><tr><th>5</th><td>0.265</td><td>0.257</td><td>0.273</td><td>0.237</td><td>0.0</td><td>0.23</td><td>0.249</td><td>0.271</td><td>0.268</td><td>0.25</td><td>0.258</td><td>0.276</td><td>0.229</td><td>0.218</td></tr><tr><th>6</th><td>0.257</td><td>0.244</td><td>0.261</td><td>0.223</td><td>0.23</td><td>0.0</td><td>0.243</td><td>0.263</td><td>0.251</td><td>0.237</td><td>0.242</td><td>0.255</td><td>0.229</td><td>0.219</td></tr><tr><th>7</th><td>0.279</td><td>0.271</td><td>0.287</td><td>0.251</td><td>0.249</td><td>0.243</td><td>0.0</td><td>0.284</td><td>0.278</td><td>0.263</td><td>0.269</td><td>0.283</td><td>0.258</td><td>0.249</td></tr><tr><th>8</th><td>0.29</td><td>0.282</td><td>0.296</td><td>0.266</td><td>0.271</td><td>0.263</td><td>0.284</td><td>0.0</td><td>0.294</td><td>0.276</td><td>0.285</td><td>0.295</td><td>0.274</td><td>0.264</td></tr><tr><th>9</th><td>0.291</td><td>0.282</td><td>0.301</td><td>0.268</td><td>0.268</td><td>0.251</td><td>0.278</td><td>0.294</td><td>0.0</td><td>0.272</td><td>0.275</td><td>0.286</td><td>0.264</td><td>0.255</td></tr><tr><th>10</th><td>0.272</td><td>0.261</td><td>0.279</td><td>0.245</td><td>0.25</td><td>0.237</td><td>0.263</td><td>0.276</td><td>0.272</td><td>0.0</td><td>0.263</td><td>0.267</td><td>0.252</td><td>0.241</td></tr><tr><th>11</th><td>0.279</td><td>0.267</td><td>0.286</td><td>0.248</td><td>0.258</td><td>0.242</td><td>0.269</td><td>0.285</td><td>0.275</td><td>0.263</td><td>0.0</td><td>0.28</td><td>0.257</td><td>0.248</td></tr><tr><th>12</th><td>0.296</td><td>0.284</td><td>0.306</td><td>0.269</td><td>0.276</td><td>0.255</td><td>0.283</td><td>0.295</td><td>0.286</td><td>0.267</td><td>0.28</td><td>0.0</td><td>0.266</td><td>0.211</td></tr><tr><th>13</th><td>0.269</td><td>0.257</td><td>0.282</td><td>0.242</td><td>0.229</td><td>0.229</td><td>0.258</td><td>0.274</td><td>0.264</td><td>0.252</td><td>0.257</td><td>0.266</td><td>0.0</td><td>0.089</td></tr><tr><th>14</th><td>0.261</td><td>0.249</td><td>0.272</td><td>0.233</td><td>0.218</td><td>0.219</td><td>0.249</td><td>0.264</td><td>0.255</td><td>0.241</td><td>0.248</td><td>0.211</td><td>0.089</td><td>0.0</td></tr>	
</table>
<h2>Copia?</h2>
<table>
<tr><th> </th><th>1</th><th>2</th><th>3</th><th>4</th><th>5</th><th>6</th><th>7</th><th>8</th><th>9</th><th>10</th><th>11</th><th>12</th><th>13</th><th>14</th><tr><th>1</th><td>Copia</td><td></td><td></td><td></td><td></td><td></td><td></td><td></td><td></td><td></td><td></td><td></td><td></td><td></td></tr><tr><th>2</th><td></td><td>Copia</td><td></td><td></td><td></td><td></td><td></td><td></td><td></td><td></td><td></td><td></td><td></td><td></td></tr><tr><th>3</th><td></td><td></td><td>Copia</td><td></td><td></td><td></td><td></td><td></td><td></td><td></td><td></td><td></td><td></td><td></td></tr><tr><th>4</th><td></td><td></td><td></td><td>Copia</td><td></td><td></td><td></td><td></td><td></td><td></td><td></td><td></td><td></td><td></td></tr><tr><th>5</th><td></td><td></td><td></td><td></td><td>Copia</td><td></td><td></td><td></td><td></td><td></td><td></td><td></td><td>Revisar</td><td>Revisar</td></tr><tr><th>6</th><td></td><td></td><td></td><td></td><td></td><td>Copia</td><td></td><td></td><td></td><td></td><td></td><td></td><td></td><td></td></tr><tr><th>7</th><td></td><td></td><td></td><td></td><td></td><td></td><td>Copia</td><td></td><td></td><td></td><td></td><td></td><td></td><td></td></tr><tr><th>8</th><td></td><td></td><td></td><td></td><td></td><td></td><td></td><td>Copia</td><td></td><td></td><td></td><td></td><td></td><td></td></tr><tr><th>9</th><td></td><td></td><td></td><td></td><td></td><td></td><td></td><td></td><td>Copia</td><td></td><td></td><td></td><td></td><td></td></tr><tr><th>10</th><td></td><td></td><td></td><td></td><td></td><td></td><td></td><td></td><td></td><td>Copia</td><td></td><td></td><td></td><td></td></tr><tr><th>11</th><td></td><td></td><td></td><td></td><td></td><td></td><td></td><td></td><td></td><td></td><td>Copia</td><td></td><td></td><td></td></tr><tr><th>12</th><td></td><td></td><td></td><td></td><td></td><td></td><td></td><td></td><td></td><td></td><td></td><td>Copia</td><td></td><td>Revisar</td></tr><tr><th>13</th><td></td><td></td><td></td><td></td><td>Revisar</td><td></td><td></td><td></td><td></td><td></td><td></td><td></td><td>Copia</td><td>Copia</td></tr><tr><th>14</th><td></td><td></td><td></td><td></td><td>Revisar</td><td></td><td></td><td></td><td></td><td></td><td></td><td>Revisar</td><td>Copia</td><td>Copia</td></tr>	
</table>
</body>
</html>
